{
    "w": 6000,
    "h": 4000,
    "fl_x": 10769.094280724843,
    "fl_y": 10769.094280724843,
    "cx": 3000.0,
    "cy": 2000.0,
    "k1": -0.16083717451163593,
    "k2": 0.0,
    "p1": 0.0,
    "p2": 0.0,
    "camera_model": "OPENCV",
    "frames": [
        {
            "file_path": "images/frame_00097.jpg",
            "transform_matrix": [
                [
                    0.9999698890186848,
                    7.418904156950304e-05,
                    0.0077598680366105545,
                    0.2052351625540579
                ],
                [
                    0.0077556294746909255,
                    0.024845223995611447,
                    -0.9996612251438279,
                    -2.446325235004932
                ],
                [
                    -0.00026695956773359065,
                    0.9996913070246205,
                    0.024843900498818444,
                    -0.39347945326312506
                ],
                [
                    0.0,
                    0.0,
                    0.0,
                    1.0
                ]
            ],
            "colmap_im_id": 97
        },
        {
            "file_path": "images/frame_00102.jpg",
            "transform_matrix": [
                [
                    0.9257482013853492,
                    0.006062537243344278,
                    0.3780919375945009,
                    1.108518913123871
                ],
                [
                    0.36902517603065366,
                    -0.23270018154241745,
                    -0.8998172286446126,
                    -2.6026840634045136
                ],
                [
                    0.08252688705710394,
                    0.9725296248198814,
                    -0.2176590033983547,
                    -1.1760771488920343
                ],
                [
                    0.0,
                    0.0,
                    0.0,
                    1.0
                ]
            ],
            "colmap_im_id": 102
        },
        {
            "file_path": "images/frame_00099.jpg",
            "transform_matrix": [
                [
                    0.9960268159963742,
                    -0.06904660417968675,
                    -0.05624187290070046,
                    -0.24584849905250536
                ],
                [
                    -0.06552312422426672,
                    -0.14049711131554213,
                    -0.9879105637171207,
                    -2.7652050280048637
                ],
                [
                    0.060310048980382974,
                    0.9876705564930248,
                    -0.14446303966323698,
                    -0.8802627195507451
                ],
                [
                    0.0,
                    0.0,
                    0.0,
                    1.0
                ]
            ],
            "colmap_im_id": 99
        },
        {
            "file_path": "images/frame_00100.jpg",
            "transform_matrix": [
                [
                    0.9883233930733156,
                    -0.09456525217790034,
                    0.11947503414763712,
                    0.3134343881186151
                ],
                [
                    0.12136356054059583,
                    0.01445706209295553,
                    -0.9925028360304818,
                    -3.0308830837766028
                ],
                [
                    0.09212902298927342,
                    0.9954136860804006,
                    0.025765028369310737,
                    -0.46386148319394893
                ],
                [
                    0.0,
                    0.0,
                    0.0,
                    1.0
                ]
            ],
            "colmap_im_id": 100
        },
        {
            "file_path": "images/frame_00088.jpg",
            "transform_matrix": [
                [
                    0.9971050219131432,
                    0.03919908044661774,
                    -0.06515372105820193,
                    -0.20694952593079163
                ],
                [
                    -0.07201204232013216,
                    0.2117486872340313,
                    -0.9746675121371123,
                    -2.759019948443632
                ],
                [
                    -0.02440985531448091,
                    0.9765377235656616,
                    0.21395848526460018,
                    0.1590370823678498
                ],
                [
                    0.0,
                    0.0,
                    0.0,
                    1.0
                ]
            ],
            "colmap_im_id": 88
        },
        {
            "file_path": "images/frame_00096.jpg",
            "transform_matrix": [
                [
                    0.9460710722606946,
                    -0.11014966163949744,
                    0.30465813344173753,
                    0.9399957608037299
                ],
                [
                    0.32323305435954075,
                    0.2580256052006839,
                    -0.9104631676406371,
                    -2.282945188203225
                ],
                [
                    0.021677610590226184,
                    0.9598384442714957,
                    0.2797145725513304,
                    0.5154917988533447
                ],
                [
                    0.0,
                    0.0,
                    0.0,
                    1.0
                ]
            ],
            "colmap_im_id": 96
        },
        {
            "file_path": "images/frame_00101.jpg",
            "transform_matrix": [
                [
                    0.8470307857047404,
                    -0.26064472910805364,
                    0.4632528178614778,
                    1.37765145132481
                ],
                [
                    0.5203476282610564,
                    0.22866165502182142,
                    -0.8227710454833561,
                    -2.5441115026695273
                ],
                [
                    0.10852278024223148,
                    0.9379649101703491,
                    0.3293093279238009,
                    0.4516654788380733
                ],
                [
                    0.0,
                    0.0,
                    0.0,
                    1.0
                ]
            ],
            "colmap_im_id": 101
        },
        {
            "file_path": "images/frame_00098.jpg",
            "transform_matrix": [
                [
                    0.6837449254168839,
                    0.01671662215633647,
                    0.7295295960482633,
                    2.0930347964576295
                ],
                [
                    0.726231889026066,
                    -0.11323711428392218,
                    -0.6780594364141553,
                    -1.7803857440015354
                ],
                [
                    0.0712749628431469,
                    0.9934273554177638,
                    -0.08956544634721475,
                    -0.6559536228058623
                ],
                [
                    0.0,
                    0.0,
                    0.0,
                    1.0
                ]
            ],
            "colmap_im_id": 98
        },
        {
            "file_path": "images/frame_00095.jpg",
            "transform_matrix": [
                [
                    0.6615313660290715,
                    -0.2010526898518368,
                    0.7224638867535537,
                    2.188537594349144
                ],
                [
                    0.7477208334222762,
                    0.10315267562556656,
                    -0.6559520415225363,
                    -1.7146211361110015
                ],
                [
                    0.05735683940043426,
                    0.9741341495988259,
                    0.21857001523394057,
                    0.33789059134802524
                ],
                [
                    0.0,
                    0.0,
                    0.0,
                    1.0
                ]
            ],
            "colmap_im_id": 95
        },
        {
            "file_path": "images/frame_00075.jpg",
            "transform_matrix": [
                [
                    0.999924754725998,
                    -0.011204397228637464,
                    0.0049946340102429015,
                    0.11569540688488787
                ],
                [
                    -0.001275593713002479,
                    -0.49991299937676836,
                    -0.8660746884159601,
                    -2.8264984626128653
                ],
                [
                    0.012200727307530584,
                    0.8660031492649818,
                    -0.4998896755448158,
                    -2.277626147551093
                ],
                [
                    0.0,
                    0.0,
                    0.0,
                    1.0
                ]
            ],
            "colmap_im_id": 75
        },
        {
            "file_path": "images/frame_00056.jpg",
            "transform_matrix": [
                [
                    0.8867291353735068,
                    0.09351823943639519,
                    0.4527314649684402,
                    1.8903856689868992
                ],
                [
                    0.4533818668010305,
                    -0.3672433174088144,
                    -0.8121436010180597,
                    -2.9923269707137
                ],
                [
                    0.09031236535361935,
                    0.9254116298768271,
                    -0.36804482329323485,
                    -1.733063442900498
                ],
                [
                    0.0,
                    0.0,
                    0.0,
                    1.0
                ]
            ],
            "colmap_im_id": 56
        },
        {
            "file_path": "images/frame_00076.jpg",
            "transform_matrix": [
                [
                    0.9776557824753884,
                    0.09423394457379933,
                    0.1879072502126996,
                    0.8813644104059211
                ],
                [
                    0.20821434970470265,
                    -0.5570457425206312,
                    -0.8039569797673796,
                    -2.7145433120667684
                ],
                [
                    0.02891289624862492,
                    0.8251181760388635,
                    -0.564219850768134,
                    -2.5001313466307518
                ],
                [
                    0.0,
                    0.0,
                    0.0,
                    1.0
                ]
            ],
            "colmap_im_id": 76
        },
        {
            "file_path": "images/frame_00055.jpg",
            "transform_matrix": [
                [
                    0.9992702367767455,
                    -0.014831862316881448,
                    0.03519957034339815,
                    0.3041547679587064
                ],
                [
                    0.026711482530516424,
                    -0.3873804204733987,
                    -0.9215329112597523,
                    -3.555909398419344
                ],
                [
                    0.027303673620388127,
                    0.9218006431404058,
                    -0.386701543457956,
                    -1.8523013509137016
                ],
                [
                    0.0,
                    0.0,
                    0.0,
                    1.0
                ]
            ],
            "colmap_im_id": 55
        },
        {
            "file_path": "images/frame_00009.jpg",
            "transform_matrix": [
                [
                    0.9811649140870516,
                    -0.03598393868130158,
                    0.18979085204911392,
                    0.9664318684058677
                ],
                [
                    0.18724014803989047,
                    -0.06444810252015164,
                    -0.9801977193625538,
                    -4.003666480452287
                ],
                [
                    0.04750303491934201,
                    0.9972720783409774,
                    -0.05649657896651285,
                    -0.6102856500750058
                ],
                [
                    0.0,
                    0.0,
                    0.0,
                    1.0
                ]
            ],
            "colmap_im_id": 9
        },
        {
            "file_path": "images/frame_00054.jpg",
            "transform_matrix": [
                [
                    0.9681300635997794,
                    -0.07977431215397665,
                    -0.23740311513256745,
                    -0.8325545308504959
                ],
                [
                    -0.2498709715444891,
                    -0.37197159219180176,
                    -0.8939807784184787,
                    -3.325454771806463
                ],
                [
                    -0.01699051304994403,
                    0.9248098148931249,
                    -0.3800501660881677,
                    -1.8214029398337017
                ],
                [
                    0.0,
                    0.0,
                    0.0,
                    1.0
                ]
            ],
            "colmap_im_id": 54
        },
        {
            "file_path": "images/frame_00077.jpg",
            "transform_matrix": [
                [
                    0.7901895163899815,
                    0.30811540374181734,
                    0.5297786577094099,
                    2.0473917895149656
                ],
                [
                    0.6078221516310642,
                    -0.5046366250412175,
                    -0.6131020377176976,
                    -2.1071355575036397
                ],
                [
                    0.07843953195902391,
                    0.8064780062990102,
                    -0.5860379383470176,
                    -2.504560025591794
                ],
                [
                    0.0,
                    0.0,
                    0.0,
                    1.0
                ]
            ],
            "colmap_im_id": 77
        },
        {
            "file_path": "images/frame_00010.jpg",
            "transform_matrix": [
                [
                    0.803571587168561,
                    -0.05656559730914239,
                    0.5925141664943206,
                    2.6239141006654765
                ],
                [
                    0.5868831168266152,
                    -0.09061305896368409,
                    -0.8045852849320088,
                    -3.2257504994119204
                ],
                [
                    0.09920136833369361,
                    0.9942784352213941,
                    -0.03961668555569735,
                    -0.5755972708035739
                ],
                [
                    0.0,
                    0.0,
                    0.0,
                    1.0
                ]
            ],
            "colmap_im_id": 10
        },
        {
            "file_path": "images/frame_00074.jpg",
            "transform_matrix": [
                [
                    0.8845044697119839,
                    -0.19824407088462592,
                    -0.42231638781678044,
                    -1.3942694752406388
                ],
                [
                    -0.46519485033083435,
                    -0.4432568991429312,
                    -0.7662356508202066,
                    -2.567755266069933
                ],
                [
                    -0.03529297784538121,
                    0.8741982668258298,
                    -0.4842848294067456,
                    -2.0087511717976825
                ],
                [
                    0.0,
                    0.0,
                    0.0,
                    1.0
                ]
            ],
            "colmap_im_id": 74
        },
        {
            "file_path": "images/frame_00073.jpg",
            "transform_matrix": [
                [
                    0.8933938184680787,
                    -0.1956565951281329,
                    -0.40443291397448294,
                    -1.2704821563049444
                ],
                [
                    -0.4470511156795136,
                    -0.4765873255359393,
                    -0.7569741218220095,
                    -2.442847582904953
                ],
                [
                    -0.04464062155400253,
                    0.8570781865858951,
                    -0.5132486697361288,
                    -2.3131059347491734
                ],
                [
                    0.0,
                    0.0,
                    0.0,
                    1.0
                ]
            ],
            "colmap_im_id": 73
        },
        {
            "file_path": "images/frame_00087.jpg",
            "transform_matrix": [
                [
                    0.9560418225901647,
                    0.22857124611117052,
                    -0.18368238595375216,
                    -0.7347400891623919
                ],
                [
                    -0.28602283953494234,
                    0.5888803475673469,
                    -0.7559172385343051,
                    -2.4835946749453353
                ],
                [
                    -0.06461399788625592,
                    0.7752258520587066,
                    0.6283708376245728,
                    1.4978441109281577
                ],
                [
                    0.0,
                    0.0,
                    0.0,
                    1.0
                ]
            ],
            "colmap_im_id": 87
        },
        {
            "file_path": "images/frame_00008.jpg",
            "transform_matrix": [
                [
                    0.9465075963299621,
                    -0.007144138214312746,
                    -0.32260243548189815,
                    -1.260410440428755
                ],
                [
                    -0.3221641915094562,
                    -0.07751136844708899,
                    -0.9435052842833038,
                    -3.9316253693316017
                ],
                [
                    -0.0182648240817113,
                    0.9969658715576148,
                    -0.07566668454894615,
                    -0.6901214545775148
                ],
                [
                    0.0,
                    0.0,
                    0.0,
                    1.0
                ]
            ],
            "colmap_im_id": 8
        },
        {
            "file_path": "images/frame_00078.jpg",
            "transform_matrix": [
                [
                    0.6262596495560736,
                    0.38456257347713646,
                    0.6781669989158614,
                    2.6195166789423183
                ],
                [
                    0.7724100031133433,
                    -0.42404776856142473,
                    -0.47282795715621734,
                    -1.5125383872115987
                ],
                [
                    0.10574326658633681,
                    0.8199360444929339,
                    -0.5626039855110632,
                    -2.378558436238894
                ],
                [
                    0.0,
                    0.0,
                    0.0,
                    1.0
                ]
            ],
            "colmap_im_id": 78
        },
        {
            "file_path": "images/frame_00057.jpg",
            "transform_matrix": [
                [
                    0.5824310318937889,
                    0.2006053240004112,
                    0.787738279550909,
                    3.270187120673372
                ],
                [
                    0.8020312444481117,
                    -0.2996118964017041,
                    -0.516699714015392,
                    -1.9621128543925284
                ],
                [
                    0.13236304626348608,
                    0.9327326602608406,
                    -0.3353950036398659,
                    -1.680495311905191
                ],
                [
                    0.0,
                    0.0,
                    0.0,
                    1.0
                ]
            ],
            "colmap_im_id": 57
        },
        {
            "file_path": "images/frame_00023.jpg",
            "transform_matrix": [
                [
                    0.9368157277152357,
                    -0.23769784126916993,
                    0.25666325907957654,
                    1.3712656540733617
                ],
                [
                    0.3426411123104264,
                    0.47557075288895523,
                    -0.8102033862872373,
                    -3.482836859269656
                ],
                [
                    0.07052205655004051,
                    0.8469546595022716,
                    0.5269672136740048,
                    1.9411145916386137
                ],
                [
                    0.0,
                    0.0,
                    0.0,
                    1.0
                ]
            ],
            "colmap_im_id": 23
        },
        {
            "file_path": "images/frame_00022.jpg",
            "transform_matrix": [
                [
                    0.981674173179349,
                    0.11368619886058583,
                    -0.1529420344485877,
                    -0.47175592229584573
                ],
                [
                    -0.1899669269878825,
                    0.5201458569947925,
                    -0.8326829253094682,
                    -3.433739106779486
                ],
                [
                    -0.015112391055758775,
                    0.8464772505152068,
                    0.5322103719365057,
                    1.8375543647228594
                ],
                [
                    0.0,
                    0.0,
                    0.0,
                    1.0
                ]
            ],
            "colmap_im_id": 22
        },
        {
            "file_path": "images/frame_00089.jpg",
            "transform_matrix": [
                [
                    0.765493098647593,
                    0.4868195007166723,
                    -0.42074587299803223,
                    -1.128916713542162
                ],
                [
                    -0.635842455647119,
                    0.4721018560679717,
                    -0.610593325457966,
                    -1.682468125397687
                ],
                [
                    -0.09861383026506942,
                    0.7349330658088165,
                    0.6709312194713449,
                    1.3786871381448518
                ],
                [
                    0.0,
                    0.0,
                    0.0,
                    1.0
                ]
            ],
            "colmap_im_id": 89
        },
        {
            "file_path": "images/frame_00053.jpg",
            "transform_matrix": [
                [
                    0.7776651533744884,
                    -0.16188158015371348,
                    -0.607479434412368,
                    -2.2302129679493583
                ],
                [
                    -0.6250613498634271,
                    -0.3026004722588263,
                    -0.7195354495058915,
                    -2.7126977497593883
                ],
                [
                    -0.06734402819808098,
                    0.9392695609864466,
                    -0.33650776167925744,
                    -1.6466772179785925
                ],
                [
                    0.0,
                    0.0,
                    0.0,
                    1.0
                ]
            ],
            "colmap_im_id": 53
        },
        {
            "file_path": "images/frame_00011.jpg",
            "transform_matrix": [
                [
                    0.46235267544637143,
                    -0.05557834852550307,
                    0.8849525697362313,
                    3.8124849419586377
                ],
                [
                    0.8785222189910332,
                    -0.10648910020598319,
                    -0.4656809876690167,
                    -1.885151119219957
                ],
                [
                    0.12011958311055301,
                    0.9927593458197701,
                    -0.00040870631163106926,
                    -0.40800086297003435
                ],
                [
                    0.0,
                    0.0,
                    0.0,
                    1.0
                ]
            ],
            "colmap_im_id": 11
        },
        {
            "file_path": "images/frame_00079.jpg",
            "transform_matrix": [
                [
                    0.42029148941379796,
                    0.47645315554025874,
                    0.7722353621157614,
                    3.066956593127673
                ],
                [
                    0.9018525341172446,
                    -0.3132119863746909,
                    -0.29759075640470506,
                    -1.0423593356631384
                ],
                [
                    0.10008531676842217,
                    0.8215172805041597,
                    -0.561330817967813,
                    -2.467365787727316
                ],
                [
                    0.0,
                    0.0,
                    0.0,
                    1.0
                ]
            ],
            "colmap_im_id": 79
        },
        {
            "file_path": "images/frame_00024.jpg",
            "transform_matrix": [
                [
                    0.729705156163343,
                    -0.4380221260792808,
                    0.525040000508169,
                    2.6631640214498713
                ],
                [
                    0.6732920301344645,
                    0.3264353724234917,
                    -0.6634137395231937,
                    -2.9179819822195885
                ],
                [
                    0.11919826855304115,
                    0.8376016742436245,
                    0.5331183809232564,
                    2.0627620759044074
                ],
                [
                    0.0,
                    0.0,
                    0.0,
                    1.0
                ]
            ],
            "colmap_im_id": 24
        },
        {
            "file_path": "images/frame_00035.jpg",
            "transform_matrix": [
                [
                    0.9496314127710644,
                    -0.26781681493445647,
                    0.16270935288665958,
                    0.9318451510160296
                ],
                [
                    0.3066981260987865,
                    0.6877484011263122,
                    -0.657980543934009,
                    -2.815610026616363
                ],
                [
                    0.06431515626915041,
                    0.6747416471410108,
                    0.7352464010707638,
                    2.8580808023938546
                ],
                [
                    0.0,
                    0.0,
                    0.0,
                    1.0
                ]
            ],
            "colmap_im_id": 35
        },
        {
            "file_path": "images/frame_00034.jpg",
            "transform_matrix": [
                [
                    0.9376739710375132,
                    0.2687236007092424,
                    -0.22035233255085032,
                    -0.7434819626845248
                ],
                [
                    -0.3466996455113485,
                    0.6799283680615922,
                    -0.6461398997952419,
                    -2.6788131494655265
                ],
                [
                    -0.023809238565021557,
                    0.6822646412697639,
                    0.7307175100077965,
                    2.790205974420142
                ],
                [
                    0.0,
                    0.0,
                    0.0,
                    1.0
                ]
            ],
            "colmap_im_id": 34
        },
        {
            "file_path": "images/frame_00021.jpg",
            "transform_matrix": [
                [
                    0.7800650462228743,
                    0.38254400472118866,
                    -0.49513493929754154,
                    -2.016485591417591
                ],
                [
                    -0.620865314228539,
                    0.37507115733490276,
                    -0.6883661006494682,
                    -2.941878498913039
                ],
                [
                    -0.07761949013748067,
                    0.844382443793884,
                    0.5300882033807823,
                    1.9142213033821835
                ],
                [
                    0.0,
                    0.0,
                    0.0,
                    1.0
                ]
            ],
            "colmap_im_id": 21
        },
        {
            "file_path": "images/frame_00086.jpg",
            "transform_matrix": [
                [
                    0.5809810546076732,
                    0.6334497343183737,
                    -0.511079688775574,
                    -1.819224338999229
                ],
                [
                    -0.8040055534828652,
                    0.34895951854303275,
                    -0.48145853859592747,
                    -1.6139776814134816
                ],
                [
                    -0.12663366122665526,
                    0.6906291975511871,
                    0.7120359733427348,
                    1.7975097515114273
                ],
                [
                    0.0,
                    0.0,
                    0.0,
                    1.0
                ]
            ],
            "colmap_im_id": 86
        },
        {
            "file_path": "images/frame_00072.jpg",
            "transform_matrix": [
                [
                    0.5910929297166052,
                    -0.37706151877647925,
                    -0.713045411945842,
                    -2.3023490903021147
                ],
                [
                    -0.8049554712479524,
                    -0.3322330368960654,
                    -0.49159729301818195,
                    -1.6519505041283762
                ],
                [
                    -0.05153482072373148,
                    0.8645494897649252,
                    -0.4998983316637297,
                    -2.258746990294788
                ],
                [
                    0.0,
                    0.0,
                    0.0,
                    1.0
                ]
            ],
            "colmap_im_id": 72
        },
        {
            "file_path": "images/frame_00080.jpg",
            "transform_matrix": [
                [
                    0.16660293231283016,
                    0.4974389914956394,
                    0.8513506402679027,
                    3.167218961104577
                ],
                [
                    0.9841458716092494,
                    -0.13715606576512096,
                    -0.11245050919540031,
                    -0.3792582375585519
                ],
                [
                    0.060830636518431194,
                    0.8565878024835721,
                    -0.5124031325988625,
                    -2.2239137206951027
                ],
                [
                    0.0,
                    0.0,
                    0.0,
                    1.0
                ]
            ],
            "colmap_im_id": 80
        },
        {
            "file_path": "images/frame_00007.jpg",
            "transform_matrix": [
                [
                    0.6510424232118642,
                    0.02718784194606476,
                    -0.7585542725663996,
                    -2.937401957405755
                ],
                [
                    -0.7548407135830513,
                    -0.08180228504680699,
                    -0.6507871259317836,
                    -2.5798291651755028
                ],
                [
                    -0.07974497034831701,
                    0.9962776758572063,
                    -0.03273426786579012,
                    -0.5445530631682122
                ],
                [
                    0.0,
                    0.0,
                    0.0,
                    1.0
                ]
            ],
            "colmap_im_id": 7
        },
        {
            "file_path": "images/frame_00058.jpg",
            "transform_matrix": [
                [
                    0.17818073339396034,
                    0.27426886846419024,
                    0.9450017005479744,
                    3.579901523059039
                ],
                [
                    0.9713413795063689,
                    -0.2025614600137695,
                    -0.12435746610378633,
                    -0.4979008128209327
                ],
                [
                    0.15731354266513328,
                    0.9400773599595211,
                    -0.3025012505522622,
                    -1.559050036177144
                ],
                [
                    0.0,
                    0.0,
                    0.0,
                    1.0
                ]
            ],
            "colmap_im_id": 58
        },
        {
            "file_path": "images/frame_00036.jpg",
            "transform_matrix": [
                [
                    0.4493054529979788,
                    -0.7396675288556352,
                    0.5010155253711002,
                    2.307041507456882
                ],
                [
                    0.8823792843269797,
                    0.27969021862313165,
                    -0.3783915699340466,
                    -1.540326018567751
                ],
                [
                    0.1397548156482944,
                    0.61209911645349,
                    0.7783336451291107,
                    2.94551572580898
                ],
                [
                    0.0,
                    0.0,
                    0.0,
                    1.0
                ]
            ],
            "colmap_im_id": 36
        },
        {
            "file_path": "images/frame_00025.jpg",
            "transform_matrix": [
                [
                    0.331350298469058,
                    -0.6089218953931865,
                    0.7207087518652976,
                    3.4189212251030536
                ],
                [
                    0.9307671255665869,
                    0.08585241362310085,
                    -0.3553898156104106,
                    -1.4941605617709193
                ],
                [
                    0.1545300542579981,
                    0.7885705348197186,
                    0.5952117051479777,
                    2.2434177726899884
                ],
                [
                    0.0,
                    0.0,
                    0.0,
                    1.0
                ]
            ],
            "colmap_im_id": 25
        },
        {
            "file_path": "images/frame_00012.jpg",
            "transform_matrix": [
                [
                    0.13875309020788454,
                    -0.07076470610238308,
                    0.9877954931705276,
                    4.163716588587008
                ],
                [
                    0.9792420485907588,
                    -0.13901663721520474,
                    -0.14751062622451971,
                    -0.5867432323911032
                ],
                [
                    0.1477585538286581,
                    0.9877584375481787,
                    0.05000678776770253,
                    -0.21741242955447496
                ],
                [
                    0.0,
                    0.0,
                    0.0,
                    1.0
                ]
            ],
            "colmap_im_id": 12
        },
        {
            "file_path": "images/frame_00052.jpg",
            "transform_matrix": [
                [
                    0.514637776058144,
                    -0.2141099256819962,
                    -0.8302438793380998,
                    -3.2782347111177
                ],
                [
                    -0.851428284937664,
                    -0.24177701108174898,
                    -0.465417825744227,
                    -1.8346019021789404
                ],
                [
                    -0.10108330753410946,
                    0.9464147170436573,
                    -0.30672683009664925,
                    -1.666246136598099
                ],
                [
                    0.0,
                    0.0,
                    0.0,
                    1.0
                ]
            ],
            "colmap_im_id": 52
        },
        {
            "file_path": "images/frame_00059.jpg",
            "transform_matrix": [
                [
                    -0.06031440155260581,
                    0.30829420366697274,
                    0.9493770889118284,
                    3.522093341089019
                ],
                [
                    0.9877391892257161,
                    -0.11876741028530453,
                    0.10131927912222372,
                    0.41886644576612864
                ],
                [
                    0.14399120470735693,
                    0.9438479677572386,
                    -0.2973508814976924,
                    -1.5515678147578966
                ],
                [
                    0.0,
                    0.0,
                    0.0,
                    1.0
                ]
            ],
            "colmap_im_id": 59
        },
        {
            "file_path": "images/frame_00081.jpg",
            "transform_matrix": [
                [
                    -0.07205594623458512,
                    0.48740521017128785,
                    0.8701977371322687,
                    3.3420364412430748
                ],
                [
                    0.99437952136184,
                    -0.03274936501134981,
                    0.10068190794552413,
                    0.426375379044926
                ],
                [
                    0.0775713098280298,
                    0.8725615394854601,
                    -0.48230597311491774,
                    -2.220960750069721
                ],
                [
                    0.0,
                    0.0,
                    0.0,
                    1.0
                ]
            ],
            "colmap_im_id": 81
        },
        {
            "file_path": "images/frame_00033.jpg",
            "transform_matrix": [
                [
                    0.4559179248890053,
                    0.7194792625273223,
                    -0.5239164404349648,
                    -2.1316433930402074
                ],
                [
                    -0.8837147698691689,
                    0.2959899805952395,
                    -0.36254397926639426,
                    -1.5802289503629103
                ],
                [
                    -0.10576885779843397,
                    0.6282829952977961,
                    0.7707615886508904,
                    3.027586196917699
                ],
                [
                    0.0,
                    0.0,
                    0.0,
                    1.0
                ]
            ],
